1 0   165 29  190 255 0   0
1 30  165 59  190 45  188 45
1 60  165 89  190 255 0   0
1 90  165 119 190 45  188 45
1 120 165 150 190 255 0   0

1 600 165 629 190 255 0   0
1 630 165 659 190 45  188 45
1 660 165 689 190 255 0   0
1 690 165 719 190 45  188 45
1 720 165 750 190 255 0   0


1 0   290 29  315 255 0   0
1 30  290 59  315 45  188 45
1 60  290 89  315 255 0   0
1 90  290 119 315 45  188 45
1 120 290 149 315 255 0   0
1 150 290 179 315 45  188 45
1 180 290 209 315 255 0   0
1 210 290 239 315 45  188 45
1 240 290 269 315 255 0   0
1 270 290 300 315 45  188 45

1 450 290 479 315 45  188 45
1 480 290 509 315 255 0   0
1 510 290 539 315 45  188 45
1 540 290 569 315 255 0   0
1 570 290 599 315 45  188 45
1 600 290 629 315 255 0   0
1 630 290 659 315 45  188 45
1 660 290 689 315 255 0   0
1 690 290 719 315 45  188 45
1 720 290 750 315 255 0   0


1 0   440 29  465 45  188 45
1 30  440 59  465 255 0   0
1 60  440 90  465 45  188 45

1 660 440 689 465 45  188 45
1 690 440 719 465 255 0   0
1 720 440 750 465 45  188 45


1 180 415 209 440 255 0   0
1 210 415 239 440 45  188 45
1 240 415 269 440 255 0   0
1 270 415 299 440 45  188 45
1 300 415 329 440 255 0   0
1 330 415 359 440 45  188 45
1 360 415 389 440 255 0   0
1 390 415 419 440 45  188 45
1 420 415 449 440 255 0   0
1 450 415 479 440 45  188 45
1 480 415 509 440 255 0   0
1 510 415 539 440 45  188 45
1 540 415 569 440 255 0   0



1 0   565 29  590 255 0   0
1 30  565 59  590 45  188 45
1 60  565 89  590 255 0   0
1 90  565 119 590 45  188 45
1 120 565 149 590 255 0   0
1 150 565 179 590 45  188 45
1 180 565 209 590 255 0   0
1 210 565 240 590 45  188 45

1 510 565 539 590 255 0   0
1 540 565 569 590 45  188 45
1 570 565 599 590 255 0   0
1 600 565 629 590 45  188 45
1 630 565 659 590 255 0   0
1 660 565 689 590 45  188 45
1 690 565 719 590 255 0   0
1 720 565 750 590 45  188 45



1 0   679 120 689 144 85  70
1 10  621 110 679 102 62  52
1 30  641 90  679 0   0   0
1 45  591 75  621 144 85  70

1 620 679 740 689 144 85  70
1 630 621 730 679 102 62  52
1 650 641 710 679 0   0   0
1 665 591 695 621 144 85  70



1 45  120 75  164 144 85  70
1 30  88  90  119 102 62  52
1 40  92  80  112  0   0   0

1 665 120 695 164 144 85  70
1 650 88  710 119 102 62  52
1 660 92  700 112  0   0   0

