1 0 165 29 190 0 0 0
1 30 165 59 190 0 0 0
1 60 165 89 190 0 0 0
1 90 165 119 190 0 0 0
1 120 165 150 190 0 0 0

1 600 165 629 190 0 0 0
1 630 165 659 190 0 0 0
1 660 165 689 190 0 0 0
1 690 165 719 190 0 0 0
1 720 165 750 190 0 0 0


1 0 290 29 315 0 0 0
1 30 290 59 315 0 0 0
1 60 290 89 315 0 0 0
1 90 290 119 315 0 0 0
1 120 290 149 315 0 0 0
1 150 290 179 315 0 0 0
1 180 290 209 315 0 0 0
1 210 290 239 315 0 0 0
1 240 290 269 315 0 0 0
1 270 290 300 315 0 0 0

1 450 290 479 315 0 0 0
1 480 290 509 315 0 0 0
1 510 290 539 315 0 0 0
1 540 290 569 315 0 0 0
1 570 290 599 315 0 0 0
1 600 290 629 315 0 0 0
1 630 290 659 315 0 0 0
1 660 290 689 315 0 0 0
1 690 290 719 315 0 0 0
1 720 290 750 315 0 0 0


1 0 440 29 465 0 0 0
1 30 440 59 465 0 0 0
1 60 440 90 465 0 0 0

1 660 440 689 465 0 0 0
1 690 440 719 465 0 0 0
1 720 440 750 465 0 0 0


1 180 415 209 440 0 0 0
1 210 415 239 440 0 0 0
1 240 415 269 440 0 0 0
1 270 415 299 440 0 0 0
1 300 415 329 440 0 0 0
1 330 415 359 440 0 0 0
1 360 415 389 440 0 0 0
1 390 415 419 440 0 0 0
1 420 415 449 440 0 0 0
1 450 415 479 440 0 0 0
1 480 415 509 440 0 0 0
1 510 415 539 440 0 0 0
1 540 415 569 440 0 0 0
1 570 415 599 440 0 0 0
1 600 415 630 440 0 0 0


1 0 565 29 590 0 0 0
1 30 565 59 590 0 0 0
1 60 565 89 590 0 0 0
1 90 565 119 590 0 0 0
1 120 565 149 590 0 0 0
1 150 565 179 590 0 0 0
1 180 565 209 590 0 0 0
1 210 565 240 590 0 0 0

1 510 565 539 590 0 0 0
1 540 565 569 590 0 0 0
1 570 565 599 590 0 0 0
1 600 565 629 590 0 0 0
1 630 565 659 590 0 0 0
1 660 565 689 590 0 0 0
1 690 565 719 590 0 0 0
1 720 565 750 590 0 0 0
